a <- 666
b <- 101
c <- 48806

(a * b) - b / c

a - b * c

c - a - b

b ^ 2
